AJ9940: 13833,362,864 68838,999,864
AK0112: 64252,004,000
AK0201: 12114,004,000
AJ8694: 16207,999,866
RO9975: 57089,122,000
UB6793: 26563,689,864
AJ5124: 52226,077,724
NB8708: 55102,122,000
AJ9049: 76364,130,616
UB6985: 31521,075,724
AJ9712: 51802,442,000
AJ2257: 52899,075,724 70145,075,724
AJ9569: 07840 ,86876 ,86913
AJ5761: 52748,014,866 23815,999,866 52753,014,866
BH0621: 80023,499,000
AJ9311: 79683,L6Q,000
AJ9808: 17458,L6Q,000
AJ9943: 83437,L6Q,000
AJ9942: 50746,L6Q,000 17198,L6Q,000 17458,L6Q,000
BH1020: 42348,49R,000 82411,122,000 56264,122,000
AK0062: 12226,004,000
AJ3482: 16674,668,668 16673,668,668 44032,693,668 16674,668,666 16673,668,666 44032,693,666 72183,693,666 44150,693,666
AJ6113: 63489,124,672 65589,124,672
AJ9086: 05292,135,672
AK0131: 70705,000,834 70157,000,834 70951,000,834
BH1138: 29714,082,000
AJ9285: 52863,442,000 18494,442,000
AJ9402: 54528,671,760
AJ9217: 33319,L6Q,000 34655,L6Q,000
AJ9933: 13797 B124  C848,69055 B124  C848,à 
AJ9596: 57948,022,724
AJ9681: 47007,788,788 75241,788,788
AJ9471: 13198,071,724 13206,071,724 13217,071,724 44421,071,724 54513,071,724
AJ9612: 64597,442,000
UB6515: 40034,035,724
AJ9683: 18276,668,666
AJ9677: 04314,004,000 40498,004,000
BH1184: 04840,442,000
AJ3575: 44053,693,693 44199,693,693
AK0106: 62117,122,000
AJ9578: 42253,035,724 43874,035,724
AJ9957: 62213,004,000
AJ8723: 02891,001,862 
AJ6846: 65165,69E,760
AJ4594: 38092,033,724
AJ9757: 04858,118,672
AJ9708: 63117,766,766 66096,766,766
AJ8599: 77712,000,672
AK0110: 45875,227,000 45874,227,000 61642,227,000 39940,227,000 46294,227,000 86792,442,000
AJ9557: 25638,000,738 26709,000,738 
AJ9558: 01390,132,672 0132,,32 ,672,01399
BH1207: 52472,442,000
TE7330: 83807,000,655 83861,000,655
AJ9804: 13915,227,000 36371,227,000
AK0101: 39658,227,000 17789,227,000
AJ9884: 58834,674,760 58835,674,760 58836,674,760
AJ8714: 61699,766,766 61783,766,766 65192,766,766 62249,766,766
AK0075: 63103,766,766
AJ9669: 71776,646,706 ,71783,646 706,,71784
AK0174: 40166,082,000 75282,082,000
NB8205: 20582,499,000 22430,499,000 22086,499,000 10218,499,000
NB8678: 45535,442,000 69063,442,000 68911,442,000 69004,442,000
AJ9419: 96507,L6Q,000 84626,L6Q,000
AJ8331: 74776,101,616
AK0203: 31769,L6Q,000
AJ9838: 13450,L6Q,000
AJ9488: 82147,L6Q,000
AJ9365: 09728,227,000 13170,227,000
AJ9949: 16796,W01,000
AJ8123: 36553,141,672
AJ9746: 47293,000,000
AJ9767: 54901,821,821 54874,821,821 54901,821,826 54874,821,826
UB7058: 80515,033,724
AJ8579: 67613,025,724
AJ7877: 85289,672,672
AJ9803: 24427,082,000
AJ9782: 63518,766,766 66024,766,766 65731,766,766
AK0071: 55316,69F,760 55317,69F,760 55319,69F,760
AJ9529: 87496,000,672
AJ9948: 68961,442,000 19748,442,000
AJ1677: 04315,L6Q,000
AK0023: 34119,082,000 51839,082,000
AJ9972: 00256,124,848
AJ9917: 61629,004,000 14296,004,000 61591,004,000
AJ9641: 24098,082,000 24084,082,000
AK0028: 26781,499,000
AJ9166: 54129,613,760
BH1171: 46372,442,000 50264,442,000 45183,442,000 47398,442,000 47792,442,000
AJ9906: 31473,634,760
AJ4955: 66460,499,000 18658,7TD,000 33738,7TD,000
AJ9518: 49780,122,000 34564,122,000 55669,122,000
AJ9891: 17974,L6Q,000
AJ9602: 83161,082,000
AK0114: 41092,082,000 26696,082,000
AJ8803: 01952,227,000
AJ9323: 70001,442,000 70300,442,000 66747,442,000
